    0.2909,    0.3343
    0.0484,    0.2662
    0.0395,    0.9978
    0.5046    0.4405
    0.3671    0.2418
    0.9235    0.9683
    0.5968    0.1725
    0.8085    0.0847
    0.9253    0.4789
    0.3628    0.3082
    0.2150    0.2765
    0.1360    0.7170
    0.4923    0.7079
    0.7836    0.1579
    0.1714    0.3157
    0.1870    0.8046
    0.6035    0.4358
    0.8332    0.3277
    0.8088    0.2444
    0.2878    0.1034
    0.0822    0.2703
    0.6477    0.8852
    0.3266    0.1848
    0.6118    0.3304
    0.3336    0.4594
    0.4368    0.6838
    0.1081    0.7413
    0.3113    0.4502
    0.3851    0.4280
    0.6798    0.1067
    0.5947    0.0034
    0.0729    0.8044
    0.9393    0.8464
    0.4370    0.5465
    0.2388    0.2423
    0.8244    0.7694
    0.1185    0.8305
    0.7607    0.2905
    0.6098    0.2536
    0.5125    0.6419
    0.0407    0.7867
    0.5557    0.2850
    0.2025    0.3340
    0.8002    0.0777
    0.1315    0.2843
    0.2025    0.4033
    0.2885    0.0541
    0.6378    0.9938
    0.0382    0.6178
    0.7881    0.9505
    0.1763    0.4726
    0.8951    0.1145
    0.5286    0.4905
    0.4686    0.7817
    0.9684    0.6628
    0.5886    0.3436
    0.3213    0.8042
    0.2396    0.5205
    0.2149    0.7520
    0.3770    0.1858
    0.5059    0.7472
    0.2430    0.4646
    0.0129    0.3426
    0.2832    0.3934
    0.7453    0.5887
    0.6027    0.4429
    0.6425    0.4461
    0.0999    0.0361
    0.7885    0.3620
    0.9393    0.5098
    0.0164    0.1598
    0.9813    0.1651
    0.2864    0.1012
    0.9878    0.4304
    0.5193    0.1804
    0.1584    0.8593
    0.2254    0.7378
    0.3957    0.7561
    0.8687    0.6068
    0.5176    0.8172
    0.4589    0.4348
    0.5255    0.3892
    0.5671    0.2456
    0.6619    0.3499
    0.4027    0.5868
    0.7435    0.8103
    0.9770    0.5402
    0.0730    0.4673
    0.1558    0.0934
    0.8594    0.0207
    0.9553    0.7964
    0.7523    0.4234
    0.5295    0.4041
    0.5350    0.9345
    0.9745    0.1724
    0.7523    0.6965
    0.5379    0.7229
    0.1267    0.3441
    0.6754    0.1887
    0.1526    0.7945
